%shake {
  -webkit-animation: animation 4000ms linear both;
  animation: animation 4000ms linear both;
}

/* Generated with Bounce.js. Edit at http://goo.gl/z8IqPV */

@-webkit-keyframes animation { 
  0% { -webkit-transform: matrix3d(0.766, 0.643, 0, 0, -0.643, 0.766, 0, 0, 0, 0, 1, 0, 0, 0, 0, 1); transform: matrix3d(0.766, 0.643, 0, 0, -0.643, 0.766, 0, 0, 0, 0, 1, 0, 0, 0, 0, 1); }
  1.15% { -webkit-transform: matrix3d(0.681, 0.732, 0, 0, -0.732, 0.681, 0, 0, 0, 0, 1, 0, 0, 0, 0, 1); transform: matrix3d(0.681, 0.732, 0, 0, -0.732, 0.681, 0, 0, 0, 0, 1, 0, 0, 0, 0, 1); }
  2.25% { -webkit-transform: matrix3d(0.716, 0.698, 0, 0, -0.698, 0.716, 0, 0, 0, 0, 1, 0, 0, 0, 0, 1); transform: matrix3d(0.716, 0.698, 0, 0, -0.698, 0.716, 0, 0, 0, 0, 1, 0, 0, 0, 0, 1); }
  3.4% { -webkit-transform: matrix3d(0.81, 0.587, 0, 0, -0.587, 0.81, 0, 0, 0, 0, 1, 0, 0, 0, 0, 1); transform: matrix3d(0.81, 0.587, 0, 0, -0.587, 0.81, 0, 0, 0, 0, 1, 0, 0, 0, 0, 1); }
  3.8% { -webkit-transform: matrix3d(0.844, 0.536, 0, 0, -0.536, 0.844, 0, 0, 0, 0, 1, 0, 0, 0, 0, 1); transform: matrix3d(0.844, 0.536, 0, 0, -0.536, 0.844, 0, 0, 0, 0, 1, 0, 0, 0, 0, 1); }
  5.31% { -webkit-transform: matrix3d(0.948, 0.32, 0, 0, -0.32, 0.948, 0, 0, 0, 0, 1, 0, 0, 0, 0, 1); transform: matrix3d(0.948, 0.32, 0, 0, -0.32, 0.948, 0, 0, 0, 0, 1, 0, 0, 0, 0, 1); }
  6.81% { -webkit-transform: matrix3d(0.994, 0.113, 0, 0, -0.113, 0.994, 0, 0, 0, 0, 1, 0, 0, 0, 0, 1); transform: matrix3d(0.994, 0.113, 0, 0, -0.113, 0.994, 0, 0, 0, 0, 1, 0, 0, 0, 0, 1); }
  8.36% { -webkit-transform: matrix3d(0.999, -0.05, 0, 0, 0.05, 0.999, 0, 0, 0, 0, 1, 0, 0, 0, 0, 1); transform: matrix3d(0.999, -0.05, 0, 0, 0.05, 0.999, 0, 0, 0, 0, 1, 0, 0, 0, 0, 1); }
  10.21% { -webkit-transform: matrix3d(0.99, -0.143, 0, 0, 0.143, 0.99, 0, 0, 0, 0, 1, 0, 0, 0, 0, 1); transform: matrix3d(0.99, -0.143, 0, 0, 0.143, 0.99, 0, 0, 0, 0, 1, 0, 0, 0, 0, 1); }
  10.56% { -webkit-transform: matrix3d(0.988, -0.157, 0, 0, 0.157, 0.988, 0, 0, 0, 0, 1, 0, 0, 0, 0, 1); transform: matrix3d(0.988, -0.157, 0, 0, 0.157, 0.988, 0, 0, 0, 0, 1, 0, 0, 0, 0, 1); }
  13.61% { -webkit-transform: matrix3d(0.975, -0.224, 0, 0, 0.224, 0.975, 0, 0, 0, 0, 1, 0, 0, 0, 0, 1); transform: matrix3d(0.975, -0.224, 0, 0, 0.224, 0.975, 0, 0, 0, 0, 1, 0, 0, 0, 0, 1); }
  16.67% { -webkit-transform: matrix3d(0.982, -0.189, 0, 0, 0.189, 0.982, 0, 0, 0, 0, 1, 0, 0, 0, 0, 1); transform: matrix3d(0.982, -0.189, 0, 0, 0.189, 0.982, 0, 0, 0, 0, 1, 0, 0, 0, 0, 1); }
  17.52% { -webkit-transform: matrix3d(0.986, -0.166, 0, 0, 0.166, 0.986, 0, 0, 0, 0, 1, 0, 0, 0, 0, 1); transform: matrix3d(0.986, -0.166, 0, 0, 0.166, 0.986, 0, 0, 0, 0, 1, 0, 0, 0, 0, 1); }
  18.92% { -webkit-transform: matrix3d(0.992, -0.123, 0, 0, 0.123, 0.992, 0, 0, 0, 0, 1, 0, 0, 0, 0, 1); transform: matrix3d(0.992, -0.123, 0, 0, 0.123, 0.992, 0, 0, 0, 0, 1, 0, 0, 0, 0, 1); }
  21.32% { -webkit-transform: matrix3d(0.999, -0.048, 0, 0, 0.048, 0.999, 0, 0, 0, 0, 1, 0, 0, 0, 0, 1); transform: matrix3d(0.999, -0.048, 0, 0, 0.048, 0.999, 0, 0, 0, 0, 1, 0, 0, 0, 0, 1); }
  25.03% { -webkit-transform: matrix3d(0.999, 0.04, 0, 0, -0.04, 0.999, 0, 0, 0, 0, 1, 0, 0, 0, 0, 1); transform: matrix3d(0.999, 0.04, 0, 0, -0.04, 0.999, 0, 0, 0, 0, 1, 0, 0, 0, 0, 1); }
  25.23% { -webkit-transform: matrix3d(0.999, 0.044, 0, 0, -0.044, 0.999, 0, 0, 0, 0, 1, 0, 0, 0, 0, 1); transform: matrix3d(0.999, 0.044, 0, 0, -0.044, 0.999, 0, 0, 0, 0, 1, 0, 0, 0, 0, 1); }
  27.28% { -webkit-transform: matrix3d(0.998, 0.066, 0, 0, -0.066, 0.998, 0, 0, 0, 0, 1, 0, 0, 0, 0, 1); transform: matrix3d(0.998, 0.066, 0, 0, -0.066, 0.998, 0, 0, 0, 0, 1, 0, 0, 0, 0, 1); }
  29.03% { -webkit-transform: matrix3d(0.997, 0.072, 0, 0, -0.072, 0.997, 0, 0, 0, 0, 1, 0, 0, 0, 0, 1); transform: matrix3d(0.997, 0.072, 0, 0, -0.072, 0.997, 0, 0, 0, 0, 1, 0, 0, 0, 0, 1); }
  33.38% { -webkit-transform: matrix3d(0.999, 0.048, 0, 0, -0.048, 0.999, 0, 0, 0, 0, 1, 0, 0, 0, 0, 1); transform: matrix3d(0.999, 0.048, 0, 0, -0.048, 0.999, 0, 0, 0, 0, 1, 0, 0, 0, 0, 1); }
  35.59% { -webkit-transform: matrix3d(1, 0.026, 0, 0, -0.026, 1, 0, 0, 0, 0, 1, 0, 0, 0, 0, 1); transform: matrix3d(1, 0.026, 0, 0, -0.026, 1, 0, 0, 0, 0, 1, 0, 0, 0, 0, 1); }
  36.74% { -webkit-transform: matrix3d(1, 0.015, 0, 0, -0.015, 1, 0, 0, 0, 0, 1, 0, 0, 0, 0, 1); transform: matrix3d(1, 0.015, 0, 0, -0.015, 1, 0, 0, 0, 0, 1, 0, 0, 0, 0, 1); }
  41.69% { -webkit-transform: matrix3d(1, -0.018, 0, 0, 0.018, 1, 0, 0, 0, 0, 1, 0, 0, 0, 0, 1); transform: matrix3d(1, -0.018, 0, 0, 0.018, 1, 0, 0, 0, 0, 1, 0, 0, 0, 0, 1); }
  43.94% { -webkit-transform: matrix3d(1, -0.022, 0, 0, 0.022, 1, 0, 0, 0, 0, 1, 0, 0, 0, 0, 1); transform: matrix3d(1, -0.022, 0, 0, 0.022, 1, 0, 0, 0, 0, 1, 0, 0, 0, 0, 1); }
  44.44% { -webkit-transform: matrix3d(1, -0.022, 0, 0, 0.022, 1, 0, 0, 0, 0, 1, 0, 0, 0, 0, 1); transform: matrix3d(1, -0.022, 0, 0, 0.022, 1, 0, 0, 0, 0, 1, 0, 0, 0, 0, 1); }
  50% { -webkit-transform: matrix3d(1, -0.011, 0, 0, 0.011, 1, 0, 0, 0, 0, 1, 0, 0, 0, 0, 1); transform: matrix3d(1, -0.011, 0, 0, 0.011, 1, 0, 0, 0, 0, 1, 0, 0, 0, 0, 1); }
  59.86% { -webkit-transform: matrix3d(1, 0.007, 0, 0, -0.007, 1, 0, 0, 0, 0, 1, 0, 0, 0, 0, 1); transform: matrix3d(1, 0.007, 0, 0, -0.007, 1, 0, 0, 0, 0, 1, 0, 0, 0, 0, 1); }
  75.28% { -webkit-transform: matrix3d(1, -0.002, 0, 0, 0.002, 1, 0, 0, 0, 0, 1, 0, 0, 0, 0, 1); transform: matrix3d(1, -0.002, 0, 0, 0.002, 1, 0, 0, 0, 0, 1, 0, 0, 0, 0, 1); }
  90.69% { -webkit-transform: matrix3d(1, 0.001, 0, 0, -0.001, 1, 0, 0, 0, 0, 1, 0, 0, 0, 0, 1); transform: matrix3d(1, 0.001, 0, 0, -0.001, 1, 0, 0, 0, 0, 1, 0, 0, 0, 0, 1); }
  100% { -webkit-transform: matrix3d(1, 0, 0, 0, 0, 1, 0, 0, 0, 0, 1, 0, 0, 0, 0, 1); transform: matrix3d(1, 0, 0, 0, 0, 1, 0, 0, 0, 0, 1, 0, 0, 0, 0, 1); } 
}

@keyframes animation { 
  0% { -webkit-transform: matrix3d(0.766, 0.643, 0, 0, -0.643, 0.766, 0, 0, 0, 0, 1, 0, 0, 0, 0, 1); transform: matrix3d(0.766, 0.643, 0, 0, -0.643, 0.766, 0, 0, 0, 0, 1, 0, 0, 0, 0, 1); }
  1.15% { -webkit-transform: matrix3d(0.681, 0.732, 0, 0, -0.732, 0.681, 0, 0, 0, 0, 1, 0, 0, 0, 0, 1); transform: matrix3d(0.681, 0.732, 0, 0, -0.732, 0.681, 0, 0, 0, 0, 1, 0, 0, 0, 0, 1); }
  2.25% { -webkit-transform: matrix3d(0.716, 0.698, 0, 0, -0.698, 0.716, 0, 0, 0, 0, 1, 0, 0, 0, 0, 1); transform: matrix3d(0.716, 0.698, 0, 0, -0.698, 0.716, 0, 0, 0, 0, 1, 0, 0, 0, 0, 1); }
  3.4% { -webkit-transform: matrix3d(0.81, 0.587, 0, 0, -0.587, 0.81, 0, 0, 0, 0, 1, 0, 0, 0, 0, 1); transform: matrix3d(0.81, 0.587, 0, 0, -0.587, 0.81, 0, 0, 0, 0, 1, 0, 0, 0, 0, 1); }
  3.8% { -webkit-transform: matrix3d(0.844, 0.536, 0, 0, -0.536, 0.844, 0, 0, 0, 0, 1, 0, 0, 0, 0, 1); transform: matrix3d(0.844, 0.536, 0, 0, -0.536, 0.844, 0, 0, 0, 0, 1, 0, 0, 0, 0, 1); }
  5.31% { -webkit-transform: matrix3d(0.948, 0.32, 0, 0, -0.32, 0.948, 0, 0, 0, 0, 1, 0, 0, 0, 0, 1); transform: matrix3d(0.948, 0.32, 0, 0, -0.32, 0.948, 0, 0, 0, 0, 1, 0, 0, 0, 0, 1); }
  6.81% { -webkit-transform: matrix3d(0.994, 0.113, 0, 0, -0.113, 0.994, 0, 0, 0, 0, 1, 0, 0, 0, 0, 1); transform: matrix3d(0.994, 0.113, 0, 0, -0.113, 0.994, 0, 0, 0, 0, 1, 0, 0, 0, 0, 1); }
  8.36% { -webkit-transform: matrix3d(0.999, -0.05, 0, 0, 0.05, 0.999, 0, 0, 0, 0, 1, 0, 0, 0, 0, 1); transform: matrix3d(0.999, -0.05, 0, 0, 0.05, 0.999, 0, 0, 0, 0, 1, 0, 0, 0, 0, 1); }
  10.21% { -webkit-transform: matrix3d(0.99, -0.143, 0, 0, 0.143, 0.99, 0, 0, 0, 0, 1, 0, 0, 0, 0, 1); transform: matrix3d(0.99, -0.143, 0, 0, 0.143, 0.99, 0, 0, 0, 0, 1, 0, 0, 0, 0, 1); }
  10.56% { -webkit-transform: matrix3d(0.988, -0.157, 0, 0, 0.157, 0.988, 0, 0, 0, 0, 1, 0, 0, 0, 0, 1); transform: matrix3d(0.988, -0.157, 0, 0, 0.157, 0.988, 0, 0, 0, 0, 1, 0, 0, 0, 0, 1); }
  13.61% { -webkit-transform: matrix3d(0.975, -0.224, 0, 0, 0.224, 0.975, 0, 0, 0, 0, 1, 0, 0, 0, 0, 1); transform: matrix3d(0.975, -0.224, 0, 0, 0.224, 0.975, 0, 0, 0, 0, 1, 0, 0, 0, 0, 1); }
  16.67% { -webkit-transform: matrix3d(0.982, -0.189, 0, 0, 0.189, 0.982, 0, 0, 0, 0, 1, 0, 0, 0, 0, 1); transform: matrix3d(0.982, -0.189, 0, 0, 0.189, 0.982, 0, 0, 0, 0, 1, 0, 0, 0, 0, 1); }
  17.52% { -webkit-transform: matrix3d(0.986, -0.166, 0, 0, 0.166, 0.986, 0, 0, 0, 0, 1, 0, 0, 0, 0, 1); transform: matrix3d(0.986, -0.166, 0, 0, 0.166, 0.986, 0, 0, 0, 0, 1, 0, 0, 0, 0, 1); }
  18.92% { -webkit-transform: matrix3d(0.992, -0.123, 0, 0, 0.123, 0.992, 0, 0, 0, 0, 1, 0, 0, 0, 0, 1); transform: matrix3d(0.992, -0.123, 0, 0, 0.123, 0.992, 0, 0, 0, 0, 1, 0, 0, 0, 0, 1); }
  21.32% { -webkit-transform: matrix3d(0.999, -0.048, 0, 0, 0.048, 0.999, 0, 0, 0, 0, 1, 0, 0, 0, 0, 1); transform: matrix3d(0.999, -0.048, 0, 0, 0.048, 0.999, 0, 0, 0, 0, 1, 0, 0, 0, 0, 1); }
  25.03% { -webkit-transform: matrix3d(0.999, 0.04, 0, 0, -0.04, 0.999, 0, 0, 0, 0, 1, 0, 0, 0, 0, 1); transform: matrix3d(0.999, 0.04, 0, 0, -0.04, 0.999, 0, 0, 0, 0, 1, 0, 0, 0, 0, 1); }
  25.23% { -webkit-transform: matrix3d(0.999, 0.044, 0, 0, -0.044, 0.999, 0, 0, 0, 0, 1, 0, 0, 0, 0, 1); transform: matrix3d(0.999, 0.044, 0, 0, -0.044, 0.999, 0, 0, 0, 0, 1, 0, 0, 0, 0, 1); }
  27.28% { -webkit-transform: matrix3d(0.998, 0.066, 0, 0, -0.066, 0.998, 0, 0, 0, 0, 1, 0, 0, 0, 0, 1); transform: matrix3d(0.998, 0.066, 0, 0, -0.066, 0.998, 0, 0, 0, 0, 1, 0, 0, 0, 0, 1); }
  29.03% { -webkit-transform: matrix3d(0.997, 0.072, 0, 0, -0.072, 0.997, 0, 0, 0, 0, 1, 0, 0, 0, 0, 1); transform: matrix3d(0.997, 0.072, 0, 0, -0.072, 0.997, 0, 0, 0, 0, 1, 0, 0, 0, 0, 1); }
  33.38% { -webkit-transform: matrix3d(0.999, 0.048, 0, 0, -0.048, 0.999, 0, 0, 0, 0, 1, 0, 0, 0, 0, 1); transform: matrix3d(0.999, 0.048, 0, 0, -0.048, 0.999, 0, 0, 0, 0, 1, 0, 0, 0, 0, 1); }
  35.59% { -webkit-transform: matrix3d(1, 0.026, 0, 0, -0.026, 1, 0, 0, 0, 0, 1, 0, 0, 0, 0, 1); transform: matrix3d(1, 0.026, 0, 0, -0.026, 1, 0, 0, 0, 0, 1, 0, 0, 0, 0, 1); }
  36.74% { -webkit-transform: matrix3d(1, 0.015, 0, 0, -0.015, 1, 0, 0, 0, 0, 1, 0, 0, 0, 0, 1); transform: matrix3d(1, 0.015, 0, 0, -0.015, 1, 0, 0, 0, 0, 1, 0, 0, 0, 0, 1); }
  41.69% { -webkit-transform: matrix3d(1, -0.018, 0, 0, 0.018, 1, 0, 0, 0, 0, 1, 0, 0, 0, 0, 1); transform: matrix3d(1, -0.018, 0, 0, 0.018, 1, 0, 0, 0, 0, 1, 0, 0, 0, 0, 1); }
  43.94% { -webkit-transform: matrix3d(1, -0.022, 0, 0, 0.022, 1, 0, 0, 0, 0, 1, 0, 0, 0, 0, 1); transform: matrix3d(1, -0.022, 0, 0, 0.022, 1, 0, 0, 0, 0, 1, 0, 0, 0, 0, 1); }
  44.44% { -webkit-transform: matrix3d(1, -0.022, 0, 0, 0.022, 1, 0, 0, 0, 0, 1, 0, 0, 0, 0, 1); transform: matrix3d(1, -0.022, 0, 0, 0.022, 1, 0, 0, 0, 0, 1, 0, 0, 0, 0, 1); }
  50% { -webkit-transform: matrix3d(1, -0.011, 0, 0, 0.011, 1, 0, 0, 0, 0, 1, 0, 0, 0, 0, 1); transform: matrix3d(1, -0.011, 0, 0, 0.011, 1, 0, 0, 0, 0, 1, 0, 0, 0, 0, 1); }
  59.86% { -webkit-transform: matrix3d(1, 0.007, 0, 0, -0.007, 1, 0, 0, 0, 0, 1, 0, 0, 0, 0, 1); transform: matrix3d(1, 0.007, 0, 0, -0.007, 1, 0, 0, 0, 0, 1, 0, 0, 0, 0, 1); }
  75.28% { -webkit-transform: matrix3d(1, -0.002, 0, 0, 0.002, 1, 0, 0, 0, 0, 1, 0, 0, 0, 0, 1); transform: matrix3d(1, -0.002, 0, 0, 0.002, 1, 0, 0, 0, 0, 1, 0, 0, 0, 0, 1); }
  90.69% { -webkit-transform: matrix3d(1, 0.001, 0, 0, -0.001, 1, 0, 0, 0, 0, 1, 0, 0, 0, 0, 1); transform: matrix3d(1, 0.001, 0, 0, -0.001, 1, 0, 0, 0, 0, 1, 0, 0, 0, 0, 1); }
  100% { -webkit-transform: matrix3d(1, 0, 0, 0, 0, 1, 0, 0, 0, 0, 1, 0, 0, 0, 0, 1); transform: matrix3d(1, 0, 0, 0, 0, 1, 0, 0, 0, 0, 1, 0, 0, 0, 0, 1); } 
}
